# panda + Custom Environment + PDST (dim=7, waypoints=100, cost=7.71467)
# VISUALIZATION CONFIG:
# robot_name: panda
# urdf_path: external/vamp/resources/panda/panda_spherized.urdf
# expected_joints: 7
# base_position: [0, 0, 0]
# base_orientation: [0, 0, 0]
# use_fixed_base: true
0 -0.785 0 -2.356 0 1.571 0.785 
0.00481826 -0.752201 0.00234433 -2.31149 0.00247108 1.57784 0.731342 
0.00963652 -0.719403 0.00468866 -2.26697 0.00494216 1.58467 0.677685 
0.0144548 -0.686604 0.00703299 -2.22246 0.00741324 1.59151 0.624027 
0.019273 -0.653806 0.00937732 -2.17794 0.00988432 1.59835 0.570369 
0.0240913 -0.621007 0.0117217 -2.13343 0.0123554 1.60518 0.516712 
0.0289095 -0.588209 0.014066 -2.08891 0.0148265 1.61202 0.463054 
0.0337278 -0.55541 0.0164103 -2.0444 0.0172976 1.61885 0.409397 
0.0385461 -0.522612 0.0187546 -1.99988 0.0197686 1.62569 0.355739 
0.0433643 -0.489813 0.021099 -1.95537 0.0222397 1.63253 0.302081 
0.0481826 -0.457015 0.0234433 -1.91085 0.0247108 1.63936 0.248424 
0.0530008 -0.424216 0.0257876 -1.86634 0.0271819 1.6462 0.194766 
0.0578191 -0.391418 0.028132 -1.82182 0.029653 1.65304 0.141108 
0.0626374 -0.358619 0.0304763 -1.77731 0.0321241 1.65987 0.0874507 
0.0674556 -0.325821 0.0328206 -1.73279 0.0345951 1.66671 0.033793 
0.0722739 -0.293022 0.035165 -1.68828 0.0370662 1.67355 -0.0198646 
0.0770921 -0.260224 0.0375093 -1.64376 0.0395373 1.68038 -0.0735223 
0.0819104 -0.227425 0.0398536 -1.59925 0.0420084 1.68722 -0.12718 
0.0867286 -0.194626 0.042198 -1.55473 0.0444795 1.69405 -0.180838 
0.0915469 -0.161828 0.0445423 -1.51022 0.0469505 1.70089 -0.234495 
0.0963652 -0.129029 0.0468866 -1.4657 0.0494216 1.70773 -0.288153 
0.101183 -0.0962309 0.049231 -1.42119 0.0518927 1.71456 -0.34181 
0.106002 -0.0634324 0.0515753 -1.37667 0.0543638 1.7214 -0.395468 
0.11082 -0.0306339 0.0539196 -1.33216 0.0568349 1.72824 -0.449126 
0.115638 0.00216468 0.0562639 -1.28764 0.0593059 1.73507 -0.502783 
0.120456 0.0349632 0.0586083 -1.24313 0.061777 1.74191 -0.556441 
0.125275 0.0677617 0.0609526 -1.19861 0.0642481 1.74875 -0.610099 
0.130093 0.10056 0.0632969 -1.1541 0.0667192 1.75558 -0.663756 
0.134911 0.133359 0.0656413 -1.10958 0.0691903 1.76242 -0.717414 
0.139729 0.166157 0.0679856 -1.06507 0.0716613 1.76925 -0.771072 
0.144548 0.198956 0.0703299 -1.02055 0.0741324 1.77609 -0.824729 
0.149366 0.231754 0.0726743 -0.976037 0.0766035 1.78293 -0.878387 
0.154184 0.264553 0.0750186 -0.931522 0.0790746 1.78976 -0.932045 
0.159003 0.297351 0.0773629 -0.887007 0.0815457 1.7966 -0.985702 
0.163821 0.33015 0.0797073 -0.842492 0.0840167 1.80344 -1.03936 
0.168639 0.362948 0.0820516 -0.797977 0.0864878 1.81027 -1.09302 
0.173457 0.395747 0.0843959 -0.753462 0.0889589 1.81711 -1.14668 
0.178276 0.428546 0.0867402 -0.708947 0.09143 1.82395 -1.20033 
0.183094 0.461344 0.0890846 -0.664432 0.0939011 1.83078 -1.25399 
0.187912 0.494143 0.0914289 -0.619917 0.0963722 1.83762 -1.30765 
0.19273 0.526941 0.0937732 -0.575402 0.0988432 1.84445 -1.36131 
0.197549 0.55974 0.0961176 -0.530887 0.101314 1.85129 -1.41496 
0.202367 0.592538 0.0984619 -0.486372 0.103785 1.85813 -1.46862 
0.207185 0.625337 0.100806 -0.441857 0.106256 1.86496 -1.52228 
0.212003 0.658135 0.103151 -0.397342 0.108728 1.8718 -1.57594 
0.216822 0.690934 0.105495 -0.352827 0.111199 1.87864 -1.62959 
0.22164 0.723732 0.107839 -0.308312 0.11367 1.88547 -1.68325 
0.226458 0.756531 0.110184 -0.263798 0.116141 1.89231 -1.73691 
0.231276 0.789329 0.112528 -0.219283 0.118612 1.89915 -1.79057 
0.236095 0.822128 0.114872 -0.174768 0.121083 1.90598 -1.84422 
0.272355 0.87742 0.122141 -0.145966 0.158279 1.89945 -1.8607 
0.308616 0.932712 0.129409 -0.117165 0.195476 1.89292 -1.87718 
0.344876 0.988005 0.136678 -0.0883638 0.232672 1.88638 -1.89365 
0.381137 1.0433 0.143947 -0.0595625 0.269869 1.87985 -1.91013 
0.417397 1.09859 0.151215 -0.0307612 0.307065 1.87332 -1.9266 
0.462562 1.09936 0.148882 -0.0470269 0.305473 1.88535 -1.86646 
0.507726 1.10012 0.14655 -0.0632926 0.303881 1.89738 -1.80632 
0.552891 1.10089 0.144217 -0.0795583 0.302289 1.90941 -1.74618 
0.598055 1.10166 0.141884 -0.095824 0.300697 1.92144 -1.68604 
0.643219 1.10243 0.139551 -0.11209 0.299105 1.93348 -1.6259 
0.688384 1.1032 0.137218 -0.128355 0.297513 1.94551 -1.56577 
0.733548 1.10396 0.134885 -0.144621 0.29592 1.95754 -1.50563 
0.778713 1.10473 0.132552 -0.160887 0.294328 1.96957 -1.44549 
0.823877 1.1055 0.130219 -0.177152 0.292736 1.9816 -1.38535 
0.869042 1.10627 0.127886 -0.193418 0.291144 1.99363 -1.32521 
0.911355 1.10323 0.124232 -0.210749 0.282826 2.0081 -1.26491 
0.953668 1.1002 0.120578 -0.22808 0.274507 2.02257 -1.20462 
0.995981 1.09716 0.116924 -0.245411 0.266189 2.03704 -1.14433 
1.03829 1.09412 0.113271 -0.262742 0.25787 2.0515 -1.08404 
1.08061 1.09109 0.109617 -0.280073 0.249552 2.06597 -1.02375 
1.12292 1.08805 0.105963 -0.297404 0.241234 2.08044 -0.963457 
1.16523 1.08501 0.102309 -0.314735 0.232915 2.09491 -0.903165 
1.20755 1.08198 0.098655 -0.332065 0.224597 2.10937 -0.842873 
1.24986 1.07894 0.0950011 -0.349396 0.216278 2.12384 -0.782582 
1.29217 1.07591 0.0913472 -0.366727 0.20796 2.13831 -0.72229 
1.33449 1.07287 0.0876933 -0.384058 0.199642 2.15278 -0.661999 
1.3768 1.06983 0.0840394 -0.401389 0.191323 2.16724 -0.601707 
1.41911 1.0668 0.0803855 -0.41872 0.183005 2.18171 -0.541415 
1.46142 1.06376 0.0767316 -0.436051 0.174686 2.19618 -0.481124 
1.50374 1.06072 0.0730777 -0.453382 0.166368 2.21065 -0.420832 
1.54605 1.05769 0.0694239 -0.470713 0.15805 2.22511 -0.360541 
1.58836 1.05465 0.06577 -0.488044 0.149731 2.23958 -0.300249 
1.63068 1.05162 0.0621161 -0.505375 0.141413 2.25405 -0.239957 
1.67299 1.04858 0.0584622 -0.522705 0.133094 2.26852 -0.179666 
1.7153 1.04554 0.0548083 -0.540036 0.124776 2.28299 -0.119374 
1.75762 1.04251 0.0511544 -0.557367 0.116458 2.29745 -0.0590825 
1.79993 1.03947 0.0475005 -0.574698 0.108139 2.31192 0.00120909 
1.84224 1.03643 0.0438466 -0.592029 0.0998208 2.32639 0.0615007 
1.88456 1.0334 0.0401928 -0.60936 0.0915024 2.34086 0.121792 
1.92687 1.03036 0.0365389 -0.626691 0.083184 2.35532 0.182084 
1.96918 1.02733 0.032885 -0.644022 0.0748656 2.36979 0.242376 
2.0115 1.02429 0.0292311 -0.661353 0.0665472 2.38426 0.302667 
2.05381 1.02125 0.0255772 -0.678684 0.0582288 2.39873 0.362959 
2.09612 1.01822 0.0219233 -0.696015 0.0499104 2.41319 0.42325 
2.13843 1.01518 0.0182694 -0.713345 0.041592 2.42766 0.483542 
2.18075 1.01214 0.0146155 -0.730676 0.0332736 2.44213 0.543834 
2.22306 1.00911 0.0109617 -0.748007 0.0249552 2.4566 0.604125 
2.26537 1.00607 0.00730777 -0.765338 0.0166368 2.47106 0.664417 
2.30769 1.00304 0.00365389 -0.782669 0.0083184 2.48553 0.724708 
2.35 1 0 -0.8 0 2.5 0.785 

