# planar_arm_2dof + Custom Environment + RRT-Connect (dim=2, waypoints=100, cost=1.5708)
0.7854 0 
0.769533 0 
0.753667 0 
0.7378 0 
0.721933 0 
0.706067 0 
0.6902 0 
0.674333 0 
0.658467 0 
0.6426 0 
0.626733 0 
0.610867 0 
0.595 0 
0.579133 0 
0.563267 0 
0.5474 0 
0.531533 0 
0.515667 0 
0.4998 0 
0.483933 0 
0.468067 0 
0.4522 0 
0.436333 0 
0.420467 0 
0.4046 0 
0.388733 0 
0.372867 0 
0.357 0 
0.341133 0 
0.325267 0 
0.3094 0 
0.293533 0 
0.277667 0 
0.2618 0 
0.245933 0 
0.230067 0 
0.2142 0 
0.198333 0 
0.182467 0 
0.1666 0 
0.150733 0 
0.134867 0 
0.119 0 
0.103133 0 
0.0872667 0 
0.0714 0 
0.0555333 0 
0.0396667 0 
0.0238 0 
0.00793333 0 
-0.00793333 0 
-0.0238 0 
-0.0396667 0 
-0.0555333 0 
-0.0714 0 
-0.0872667 0 
-0.103133 0 
-0.119 0 
-0.134867 0 
-0.150733 0 
-0.1666 0 
-0.182467 0 
-0.198333 0 
-0.2142 0 
-0.230067 0 
-0.245933 0 
-0.2618 0 
-0.277667 0 
-0.293533 0 
-0.3094 0 
-0.325267 0 
-0.341133 0 
-0.357 0 
-0.372867 0 
-0.388733 0 
-0.4046 0 
-0.420467 0 
-0.436333 0 
-0.4522 0 
-0.468067 0 
-0.483933 0 
-0.4998 0 
-0.515667 0 
-0.531533 0 
-0.5474 0 
-0.563267 0 
-0.579133 0 
-0.595 0 
-0.610867 0 
-0.626733 0 
-0.6426 0 
-0.658467 0 
-0.674333 0 
-0.6902 0 
-0.706067 0 
-0.721933 0 
-0.7378 0 
-0.753667 0 
-0.769533 0 
-0.7854 0 

