# panda + Custom Environment + RRT-Connect (dim=7, waypoints=100, cost=3.70761)
0 -0.785 0 -2.356 0 1.571 0.785 
0.0176063 -0.763993 -0.00874523 -2.34095 -0.000422665 1.58862 0.781465 
0.0352126 -0.742985 -0.0174905 -2.32591 -0.000845331 1.60625 0.777929 
0.0528189 -0.721978 -0.0262357 -2.31086 -0.001268 1.62387 0.774394 
0.0704252 -0.70097 -0.0349809 -2.29582 -0.00169066 1.64149 0.770858 
0.0880314 -0.679963 -0.0437261 -2.28077 -0.00211333 1.65911 0.767323 
0.105638 -0.658955 -0.0524714 -2.26572 -0.00253599 1.67674 0.763787 
0.123244 -0.637948 -0.0612166 -2.25068 -0.00295866 1.69436 0.760252 
0.14085 -0.616941 -0.0699618 -2.23563 -0.00338132 1.71198 0.756717 
0.158457 -0.595933 -0.078707 -2.22059 -0.00380399 1.7296 0.753181 
0.176063 -0.574926 -0.0874523 -2.20554 -0.00422665 1.74723 0.749646 
0.193669 -0.553918 -0.0961975 -2.1905 -0.00464932 1.76485 0.74611 
0.211275 -0.532911 -0.104943 -2.17545 -0.00507198 1.78247 0.742575 
0.228882 -0.511903 -0.113688 -2.1604 -0.00549465 1.8001 0.739039 
0.246488 -0.490896 -0.122433 -2.14536 -0.00591731 1.81772 0.735504 
0.264094 -0.469888 -0.131178 -2.13031 -0.00633998 1.83534 0.731969 
0.281701 -0.448881 -0.139924 -2.11527 -0.00676264 1.85296 0.728433 
0.299307 -0.427874 -0.148669 -2.10022 -0.00718531 1.87059 0.724898 
0.316913 -0.406866 -0.157414 -2.08517 -0.00760798 1.88821 0.721362 
0.334519 -0.385859 -0.166159 -2.07013 -0.00803064 1.90583 0.717827 
0.352126 -0.364851 -0.174905 -2.05508 -0.00845331 1.92345 0.714292 
0.369732 -0.343844 -0.18365 -2.04004 -0.00887597 1.94108 0.710756 
0.387338 -0.322836 -0.192395 -2.02499 -0.00929864 1.9587 0.707221 
0.404945 -0.301829 -0.20114 -2.00994 -0.0097213 1.97632 0.703685 
0.422551 -0.280822 -0.209885 -1.9949 -0.010144 1.99395 0.70015 
0.440157 -0.259814 -0.218631 -1.97985 -0.0105666 2.01157 0.696614 
0.457763 -0.238807 -0.227376 -1.96481 -0.0109893 2.02919 0.693079 
0.47537 -0.217799 -0.236121 -1.94976 -0.011412 2.04681 0.689544 
0.492976 -0.196792 -0.244866 -1.93472 -0.0118346 2.06444 0.686008 
0.510582 -0.175784 -0.253612 -1.91967 -0.0122573 2.08206 0.682473 
0.528189 -0.154777 -0.262357 -1.90462 -0.01268 2.09968 0.678937 
0.545795 -0.13377 -0.271102 -1.88958 -0.0131026 2.11731 0.675402 
0.563401 -0.112762 -0.279847 -1.87453 -0.0135253 2.13493 0.671866 
0.581008 -0.0917546 -0.288592 -1.85949 -0.013948 2.15255 0.668331 
0.598614 -0.0707472 -0.297338 -1.84444 -0.0143706 2.17017 0.664796 
0.61622 -0.0497398 -0.306083 -1.82939 -0.0147933 2.1878 0.66126 
0.633826 -0.0287323 -0.314828 -1.81435 -0.015216 2.20542 0.657725 
0.651433 -0.00772488 -0.323573 -1.7993 -0.0156386 2.22304 0.654189 
0.669039 0.0132826 -0.332319 -1.78426 -0.0160613 2.24066 0.650654 
0.690536 0.0337494 -0.338733 -1.77188 -0.017578 2.25235 0.652877 
0.712032 0.0542163 -0.345148 -1.75951 -0.0190948 2.26404 0.655101 
0.733529 0.0746831 -0.351563 -1.74713 -0.0206115 2.27573 0.657325 
0.755026 0.09515 -0.357978 -1.73475 -0.0221283 2.28742 0.659548 
0.776523 0.115617 -0.364393 -1.72238 -0.023645 2.29911 0.661772 
0.798019 0.136084 -0.370808 -1.71 -0.0251618 2.3108 0.663996 
0.819516 0.156551 -0.377222 -1.69763 -0.0266785 2.32249 0.666219 
0.841013 0.177017 -0.383637 -1.68525 -0.0281953 2.33418 0.668443 
0.864928 0.195056 -0.382538 -1.67542 -0.0312971 2.33665 0.687381 
0.888843 0.213094 -0.381438 -1.6656 -0.0343989 2.33911 0.706319 
0.912758 0.231132 -0.380338 -1.65577 -0.0375008 2.34158 0.725257 
0.936673 0.249171 -0.379239 -1.64594 -0.0406026 2.34405 0.744195 
0.960588 0.267209 -0.378139 -1.63612 -0.0437044 2.34652 0.763133 
0.984503 0.285248 -0.377039 -1.62629 -0.0468063 2.34898 0.782072 
1.01356 0.300455 -0.369017 -1.60871 -0.0458104 2.3522 0.782134 
1.04261 0.315663 -0.360995 -1.59113 -0.0448145 2.35541 0.782196 
1.07166 0.33087 -0.352973 -1.57355 -0.0438186 2.35862 0.782258 
1.10072 0.346078 -0.344951 -1.55597 -0.0428227 2.36183 0.782321 
1.12977 0.361285 -0.336929 -1.53839 -0.0418269 2.36505 0.782383 
1.15882 0.376493 -0.328907 -1.52081 -0.040831 2.36826 0.782445 
1.18787 0.3917 -0.320885 -1.50323 -0.0398351 2.37147 0.782508 
1.21693 0.406908 -0.312862 -1.48565 -0.0388392 2.37469 0.78257 
1.24598 0.422115 -0.30484 -1.46807 -0.0378434 2.3779 0.782632 
1.27503 0.437323 -0.296818 -1.45048 -0.0368475 2.38111 0.782695 
1.30409 0.45253 -0.288796 -1.4329 -0.0358516 2.38433 0.782757 
1.33314 0.467738 -0.280774 -1.41532 -0.0348557 2.38754 0.782819 
1.36219 0.482945 -0.272752 -1.39774 -0.0338598 2.39075 0.782882 
1.39125 0.498153 -0.26473 -1.38016 -0.032864 2.39397 0.782944 
1.4203 0.51336 -0.256708 -1.36258 -0.0318681 2.39718 0.783006 
1.44935 0.528568 -0.248686 -1.345 -0.0308722 2.40039 0.783068 
1.47841 0.543775 -0.240663 -1.32742 -0.0298763 2.40361 0.783131 
1.50746 0.558983 -0.232641 -1.30984 -0.0288805 2.40682 0.783193 
1.53651 0.57419 -0.224619 -1.29226 -0.0278846 2.41003 0.783255 
1.56557 0.589398 -0.216597 -1.27468 -0.0268887 2.41325 0.783318 
1.59462 0.604605 -0.208575 -1.2571 -0.0258928 2.41646 0.78338 
1.62367 0.619813 -0.200553 -1.23952 -0.0248969 2.41967 0.783442 
1.65272 0.63502 -0.192531 -1.22194 -0.0239011 2.42288 0.783505 
1.68178 0.650228 -0.184509 -1.20436 -0.0229052 2.4261 0.783567 
1.71083 0.665435 -0.176487 -1.18677 -0.0219093 2.42931 0.783629 
1.73988 0.680643 -0.168464 -1.16919 -0.0209134 2.43252 0.783692 
1.76894 0.69585 -0.160442 -1.15161 -0.0199176 2.43574 0.783754 
1.79799 0.711058 -0.15242 -1.13403 -0.0189217 2.43895 0.783816 
1.82704 0.726265 -0.144398 -1.11645 -0.0179258 2.44216 0.783878 
1.8561 0.741473 -0.136376 -1.09887 -0.0169299 2.44538 0.783941 
1.88515 0.75668 -0.128354 -1.08129 -0.015934 2.44859 0.784003 
1.9142 0.771888 -0.120332 -1.06371 -0.0149382 2.4518 0.784065 
1.94326 0.787095 -0.11231 -1.04613 -0.0139423 2.45502 0.784128 
1.97231 0.802303 -0.104287 -1.02855 -0.0129464 2.45823 0.78419 
2.00136 0.81751 -0.0962654 -1.01097 -0.0119505 2.46144 0.784252 
2.03042 0.832718 -0.0882433 -0.993387 -0.0109547 2.46466 0.784315 
2.05947 0.847925 -0.0802211 -0.975807 -0.00995878 2.46787 0.784377 
2.08852 0.863133 -0.072199 -0.958226 -0.0089629 2.47108 0.784439 
2.11757 0.87834 -0.0641769 -0.940645 -0.00796702 2.47429 0.784502 
2.14663 0.893548 -0.0561548 -0.923065 -0.00697114 2.47751 0.784564 
2.17568 0.908755 -0.0481327 -0.905484 -0.00597527 2.48072 0.784626 
2.20473 0.923963 -0.0401106 -0.887903 -0.00497939 2.48393 0.784688 
2.23379 0.93917 -0.0320885 -0.870323 -0.00398351 2.48715 0.784751 
2.26284 0.954378 -0.0240663 -0.852742 -0.00298763 2.49036 0.784813 
2.29189 0.969585 -0.0160442 -0.835161 -0.00199176 2.49357 0.784875 
2.32095 0.984793 -0.00802211 -0.817581 -0.000995878 2.49679 0.784938 
2.35 1 0 -0.8 0 2.5 0.785 

